1352
1398
1783
1788
1794
1513
1230
1496
1616
1228
1853
1312
1780
1692
1209
1840
1988
1322
1103
1382
1335
1734
1677
1009
1918
1657
1442
1817
1890
1343
1204
1173
1760
1800
1194
1741
1317
1679
1582
1147
1275
1627
1145
1290
1090
1778
1723
1001
1051
1043
1373
1829
1805
1380
1607
1384
1056
1763
1113
1139
1825
1940
1724
1083
1638
1249
1836
1470
1559
1032
1609
1171
1751
1382
1177
1971
1279
1220
1004
1580
1267
1229
1212
1338
1016
1597
1164
1502
1636
1688
1560
1741
1829
1830
1231
1086
1687
1666
1535
1448
1744
1929
1378
1611
1315
1451
1511
1150
1467
1516
1863
1821
1407
1703
1039
1330
1479
1331
1573
1037
1486
1652
1894
1107
1600
1381
1001
1768
1471
1747
1362
1896
1300
1920
1104
1485
1788
1416
1360
1888
2000
1202
1800
1028
1936
1479
1717
1910
1925
1396
1229
1134
1869
1338
1131
1072
1975
1586
1279
1145
1111
1981
1209
1892
1622
1383
1135
1662
1057
1919
1734
1951
1748
1844
1574
1837
1806
1079
1187
1951
1844
1836
1223
1746
1506
1542
1060
1872
1498
1274
1042
1300
1004
1896
1566
1649
1358
1086
1493
1972
1960
1989
1392
1937
1574
1745
1196
1375
1363
1677
1348
1142
1694
1792
1739
1009
1408
1300
1609
1101
1859
1637
1234
1071
1815
1163
1134
1840
1073
1760
1132
1665
1576
1022
1221
1628
1791
1130
1221
1746
1312
1009
1371
1682
1584
1419
1252
1964
1138
1601
1705
1254
1571
1076
1226
1127
1724
1093
1443
1388
1889
1957
1192
1327
1951
1875
1020
1803
1548
1766
1454
1953
1196
1253
1867
1761
1695
1482
1647
1088
1966
1403
1424
1762
1647
1787
1038
1946
1101
1694
1015
1923
1078
1672
1147
1805
1375
1666
1821
1154
1265
1095
1409
1014
1870
1462
1338
1587
1405
1369
1734
1998
1832
1921
1745
1645
1614
1424
1572
1011
1381
1223
1500
1113
1891
1668
1286
1253
1557
1368
1456
1078
1412
1987
1051
1517
1830
1382
1061
1251
1848
1509
1330
1196
1043
1334
1582
1800
1990
1418
1903
1561
1768
1227
1771
1426
1249
1338
1459
1580
1585
1914
1667
1742
1529